Name: Mxx
0.00360898,0.00538995,0.00167992,0.000534473,0.0042937,-0.00133711,0.0012425,0.00440837,-0.000708898,0.00354124,0.00466951,0.000899795
0.00538995,0.0162147,0.00449543,-0.0042937,0.0156295,-0.0038585,-0.00314703,0.0151162,-0.00317835,0.00476722,0.0150181,0.00362192
0.00167992,0.00449543,0.00437271,-0.00133711,0.0038585,0.000401038,-0.000845858,0.00378013,0.00174946,0.0008242,0.0038039,0.00181528
0.000534473,-0.0042937,-0.00133711,0.00360898,-0.00538995,0.00167992,0.00354124,-0.00466951,0.000899795,0.0012425,-0.00440837,-0.000708898
0.0042937,0.0156295,0.0038585,-0.00538995,0.0162147,-0.00449543,-0.00476722,0.0150181,-0.00362192,0.00314703,0.0151162,0.00317835
-0.00133711,-0.0038585,0.000401038,0.00167992,-0.00449543,0.00437271,0.0008242,-0.0038039,0.00181528,-0.000845858,-0.00378013,0.00174946
0.0012425,-0.00314703,-0.000845858,0.00354124,-0.00476722,0.0008242,0.00417,-0.0037887,0.000999893,0.00210791,-0.00377419,-0.00108413
0.00440837,0.0151162,0.00378013,-0.00466951,0.0150181,-0.0038039,-0.0037887,0.0143574,-0.00339215,0.00377419,0.014218,0.0033539
-0.000708898,-0.00317835,0.00174946,0.000899795,-0.00362192,0.00181528,0.000999893,-0.00339215,0.00297547,-0.00108413,-0.0033539,-0.000141685
0.00354124,0.00476722,0.0008242,0.0012425,0.00314703,-0.000845858,0.00210791,0.00377419,-0.00108413,0.00417,0.0037887,0.000999893
0.00466951,0.0150181,0.0038039,-0.00440837,0.0151162,-0.00378013,-0.00377419,0.014218,-0.0033539,0.0037887,0.0143574,0.00339215
0.000899795,0.00362192,0.00181528,-0.000708898,0.00317835,0.00174946,-0.00108413,0.0033539,-0.000141685,0.000999893,0.00339215,0.00297547
 
Name: Max
-0.0377852,-0.124663,-0.03212,0.0377852,-0.124663,0.03212,0.0311475,-0.118083,0.0272294,-0.0311475,-0.118083,-0.0272294
0.000575812,4.13489e-05,0.00205388,-0.000575812,4.13489e-05,-0.00205388,0.000460502,-0.000295639,0.00196711,-0.000460501,-0.000295639,-0.00196711
0.00397652,-0.00225011,-0.0374298,0.00397652,0.00225011,-0.0374298,0.0108011,0.000176931,-0.0241272,0.0108011,-0.000176932,-0.0241272
0.0255678,0.0151984,0.00673804,0.0255678,-0.0151984,0.00673804,0.0433365,0.00404228,0.00375864,0.0433365,-0.00404228,0.00375864
-0.00537012,-0.0168518,-0.00547819,0.00537012,-0.0168518,0.00547819,0.00394087,-0.0157446,0.00257807,-0.00394087,-0.0157446,-0.00257806
 
Name: omega_a2
2.58131e+07
8.98672e+07
2.93617e+08
3.52856e+08
7.05086e+08
 
Name: Kxx
1.52357e+07,3.06717e+06,3.10408e+06,-6.10267e+06,-624703,-1.39595e+06,-4.34834e+06,900750,-930073,-4.964e+06,-2.58237e+06,-830877
3.06717e+06,1.40535e+07,1.36657e+06,624703,-2.7384e+06,110309,-921076,-5.83041e+06,-638271,-2.40792e+06,-2.97269e+06,-802965
3.10408e+06,1.36657e+06,1.26469e+07,-1.39595e+06,-110309,-4.39068e+06,-774332,261575,-4.76951e+06,-937958,-875310,-2.99007e+06
-6.10267e+06,624703,-1.39595e+06,1.52357e+07,-3.06717e+06,3.10408e+06,-4.964e+06,2.58237e+06,-830877,-4.34834e+06,-900750,-930072
-624703,-2.7384e+06,-110309,-3.06717e+06,1.40535e+07,-1.36657e+06,2.40792e+06,-2.97269e+06,802965,921075,-5.83041e+06,638271
-1.39595e+06,110309,-4.39068e+06,3.10408e+06,-1.36657e+06,1.26469e+07,-937958,875310,-2.99007e+06,-774332,-261575,-4.76951e+06
-4.34834e+06,-921076,-774332,-4.964e+06,2.40792e+06,-937958,1.49906e+07,-2.65088e+06,2.3479e+06,-5.12615e+06,535585,-573884
900750,-5.83041e+06,261575,2.58237e+06,-2.97269e+06,875310,-2.65088e+06,1.36128e+07,-963618,-535585,-2.42906e+06,-245711
-930073,-638271,-4.76951e+06,-830877,802965,-2.99007e+06,2.3479e+06,-963618,1.24009e+07,-573884,245711,-3.45655e+06
-4.964e+06,-2.40792e+06,-937958,-4.34834e+06,921075,-774332,-5.12615e+06,-535585,-573884,1.49906e+07,2.65088e+06,2.3479e+06
-2.58237e+06,-2.97269e+06,-875310,-900750,-5.83041e+06,-261575,535585,-2.42906e+06,245711,2.65088e+06,1.36128e+07,963617
-830877,-802965,-2.99007e+06,-930072,638271,-4.76951e+06,-573884,-245711,-3.45655e+06,2.3479e+06,963617,1.24009e+07
 
Name: fa
-9.54659
0.0108714
-2.19404e-08
3.00559e-08
-8.46062
 
Name: fx
0.417498
1.38493
0.347999
-0.417498
1.38493
-0.347999
-0.347942
1.31429
-0.312034
0.347942
1.31429
0.312034
 
Name: Phi
-2.30042,0.000443519,0.137246,0.440059,-1.73982
0.0991835,8.77262e-05,0.0371542,0.383066,0.303927
-0.00441357,-2.23704,0.816847,-0.0418175,-0.062098
-4.64633,-0.00165788,-0.158883,-0.377461,-3.63827
0.053045,-0.00292014,-0.165949,-0.916716,0.127486
-0.0905404,4.46349,0.970928,0.00412877,-0.189094
-2.3376,8.74058e-05,0.115081,0.176552,-1.93803
0.0959724,0.000864741,0.0522928,0.406153,0.293051
-0.00545937,-2.3672,0.907971,-0.0470626,-0.0689123
-4.6388,-0.00172138,-0.174642,-0.150865,-3.74089
0.0637084,0.00319341,0.0384018,-1.12599,0.142306
0.0968859,4.72496,1.04527,0.0744397,0.504371
-4.64633,-0.00165788,0.158883,0.377461,-3.63827
-0.053045,0.00292014,-0.165949,-0.916716,-0.127486
-0.0905404,4.46349,-0.970928,-0.00412868,-0.189094
-2.31359,-0.00037267,0.104304,0.354534,-1.78591
0.0744468,0.000100214,0.0454063,0.509009,0.253509
0.024768,-2.23264,0.398189,-0.00186271,0.0221719
-2.3161,-0.000445922,0.091542,0.333923,-1.79481
0.0723257,0.000347372,0.0444027,0.564595,0.264725
0.0295386,-2.23059,0.205854,0.0349894,0.0308028
-2.32148,-0.000683007,0.0523736,0.231124,-1.81357
0.0620484,0.000641638,0.0596459,0.606733,0.24569
0.0381179,-2.22866,-0.0116344,0.0702886,0.0543826
-2.30968,0.000453307,0.133239,0.366223,-1.79492
0.099453,0.000340993,0.0457438,0.394581,0.305137
-0.00338212,-2.28053,0.851087,-0.0479141,-0.0589466
-2.32889,0.000294849,0.12392,0.280168,-1.88586
0.098688,0.000575819,0.0466286,0.398556,0.302318
-0.00633672,-2.32396,0.880011,-0.051356,-0.0706661
-4.6388,-0.00172138,0.174642,0.150865,-3.74089
-0.0637084,-0.00319342,0.0384018,-1.12599,-0.142306
0.0968859,4.72496,-1.04527,-0.0744397,0.504371
-2.32202,-0.000642863,0.0980192,0.157432,-1.88175
0.0728961,0.000727308,0.0381087,0.544501,0.245502
-0.0308899,-2.36297,0.478418,-0.000966279,-0.186454
-2.32045,-0.000596105,0.082486,0.16566,-1.87654
0.0722133,0.000445502,0.0495155,0.576113,0.263994
-0.0329086,-2.36103,0.289658,0.00823279,-0.202504
-2.31535,-0.000704417,0.0461553,0.133433,-1.85718
0.0618131,0.000102832,0.0337405,0.607526,0.247128
-0.0403135,-2.3592,0.0640867,0.0183471,-0.23746
-2.31624,-0.000656261,0.0756004,0.260928,-1.81669
0.0520412,0.00072226,0.0564971,0.611768,0.228541
0.0103497,-2.26973,-0.19104,0.0404714,-0.0590726
-2.32064,-0.000646422,0.0749916,0.216226,-1.85505
0.0540125,2.06568e-05,0.0367967,0.652358,0.238653
-0.0109243,-2.3132,-0.165862,0.0414953,-0.138477
-2.3247,-0.000220847,0.106415,0.257047,-1.87099
0.0797688,0.000663949,0.034196,0.481456,0.251302
-0.0081421,-2.32195,0.665225,-0.0303301,-0.0897435
-2.31332,-0.000149678,0.113688,0.332623,-1.80778
0.0799321,9.48765e-05,0.0486297,0.462215,0.25382
0.00127165,-2.27854,0.637114,-0.0277434,-0.0538808
-2.32053,-0.000512131,0.101257,0.237049,-1.855
0.0761528,0.000522161,0.0420144,0.533851,0.258168
-0.0103672,-2.31975,0.462536,-0.00663863,-0.10856
-2.31558,-0.000428343,0.103046,0.304262,-1.81522
0.0761303,0.000267083,0.0458699,0.520837,0.259011
0.00706388,-2.27619,0.430711,-0.00177259,-0.0436763
-2.32045,-0.000611143,0.0877537,0.226664,-1.85445
0.0725607,0.000410673,0.0460235,0.573764,0.265351
-0.0115657,-2.31756,0.261765,0.0148188,-0.122688
-2.31604,-0.000546295,0.0909127,0.286866,-1.81644
0.0728402,0.000384263,0.0475588,0.572708,0.266446
0.00834579,-2.27408,0.233692,0.0229348,-0.0482477
-2.32093,-0.000684181,0.0743752,0.216587,-1.85594
0.0636028,0.000278025,0.0415246,0.607975,0.252962
-0.0119506,-2.31553,0.0414274,0.0302393,-0.132611
-2.31512,-0.000659729,0.0774947,0.269591,-1.81254
0.0637986,0.000527618,0.05677,0.616979,0.252618
0.0102702,-2.27188,0.025864,0.0428732,-0.0504216
-2.2904,-0.0266031,2.02531,0.126229,-1.59419
0.267664,0.392157,-0.222663,0.824597,1.03329
0.0211429,-2.22527,-0.167192,0.104533,-0.0223342
-2.28148,0.0333284,-1.55988,0.973096,-1.7616
0.164007,-0.391019,0.337102,0.341013,0.540726
-0.00865308,-2.2357,0.864363,-0.0328982,-0.070027
-2.28138,0.0333422,-1.5585,0.9731,-1.7603
0.106829,-0.391252,0.301177,0.19616,0.298706
-0.00607033,-2.24097,1.15852,-0.109619,-0.0440593
-2.2774,-0.0273136,1.99621,0.127038,-1.54529
0.105366,0.391375,-0.242508,0.276119,0.299723
0.00422739,-2.24244,1.12066,-0.128525,-0.0174298
-2.28124,0.0344045,-1.57248,0.975528,-1.75737
-0.352893,-0.393302,0.0288941,-0.960847,-1.66593
0.00932515,-2.28587,3.50985,-0.718307,0.135687
-2.27027,0.000578014,0.189076,0.515589,-1.62323
-0.347276,-0.00197713,-0.160522,-0.940134,-1.6295
0.00989674,-2.286,3.51157,-0.719387,0.13988
-2.27102,0.000886527,0.185245,0.516076,-1.62939
-0.179871,-0.000817796,-0.0733273,-0.490413,-0.894773
0.00266058,-2.26795,2.63008,-0.480209,0.0674788
-2.27062,-0.0280214,1.97735,0.125962,-1.52014
-0.172977,0.390993,-0.246068,-0.462142,-0.855313
-0.00196143,-2.26635,2.64069,-0.45195,0.0561466
-2.27099,-0.0280134,1.97577,0.126548,-1.52068
-0.11945,0.391114,-0.244552,-0.311386,-0.628731
-0.00264295,-2.26143,2.33604,-0.38635,0.0359699
-2.28075,0.0338645,-1.56258,0.972883,-1.75703
-0.126489,-0.39197,0.161367,-0.367783,-0.669915
0.00217903,-2.26276,2.32238,-0.415823,0.040902
-2.39547,0.0329563,-1.63053,0.6851,-2.24122
0.16417,-0.391009,0.337098,0.340543,0.540929
-0.00410447,-2.36665,0.94547,-0.0489367,-0.0551193
-2.35748,-0.0270977,2.00979,-0.136512,-1.9084
0.267003,0.392192,-0.22156,0.824327,1.03081
-0.0210104,-2.35583,-0.0713521,0.0728432,-0.180083
-2.38157,0.000300127,0.134759,0.21835,-2.10499
-0.17935,-0.00122622,-0.0749262,-0.493952,-0.894646
0.000996965,-2.39819,2.69507,-0.488481,0.0552563
-2.37919,-0.0281821,1.97508,-0.173772,-1.97629
-0.173269,0.391012,-0.245217,-0.461752,-0.856202
-0.00370716,-2.39739,2.71154,-0.464469,0.0462899
-2.38235,-6.84139e-05,0.130799,0.217553,-2.11517
-0.347416,-0.00193317,-0.160547,-0.939601,-1.63019
0.00778427,-2.41626,3.57401,-0.725903,0.125296
-2.3941,0.0336177,-1.63521,0.678264,-2.25403
-0.352866,-0.393305,0.0290585,-0.960848,-1.66577
0.00789847,-2.4164,3.5758,-0.725259,0.127775
-0.00127081,-0.00415189,0.00602507,0.00800197,0.0161384
-0.000377581,-0.00113311,0.00272693,0.00228623,0.00525204
1.42948e-05,0.00111333,0.00146042,-0.000613694,-4.28614e-05
-0.0101353,-0.0016938,-0.0351796,0.0751113,0.108473
-0.0120449,-0.094977,0.0844815,0.0145914,0.0174336
-0.00669581,-0.0993259,0.100062,0.00555601,0.0260048
-0.00127035,0.00408244,-0.00331342,0.00953912,0.0159456
-0.000375591,0.00114508,-0.00190046,0.00325417,0.00508848
-2.50323e-05,0.00104539,0.00156973,-0.000388547,0.000376913
-0.0103039,0.00202245,0.0539291,0.0520042,0.114647
-0.0118531,0.0944084,-0.075736,0.0370346,0.0158151
0.00658874,-0.099189,0.0935547,-0.0348001,-0.0233027
-2.27704,-0.0176142,1.35192,0.252366,-1.58377
0.095397,0.25404,-0.156148,0.265155,0.262382
0.00262447,-2.24213,1.12797,-0.126822,-0.0222037
-2.27971,-0.0101771,0.865925,0.343449,-1.6235
0.089223,0.150433,-0.0810174,0.258038,0.237959
0.00141133,-2.2419,1.13142,-0.123117,-0.0252343
-2.28164,-0.00358838,0.439234,0.426001,-1.65589
0.0861237,0.0597048,-0.0133395,0.252621,0.224628
-0.00197545,-2.24157,1.13786,-0.120421,-0.0361982
-2.27892,0.00207583,0.106049,0.512288,-1.66571
0.0887678,-0.013319,0.0416502,0.245377,0.233454
-0.00614239,-2.24137,1.14157,-0.120394,-0.0499647
-2.27603,0.009588,-0.293992,0.63055,-1.67775
0.0950404,-0.1043,0.109796,0.232446,0.256151
-0.00736163,-2.24112,1.14848,-0.115186,-0.0526532
-2.27657,0.0180798,-0.742797,0.755103,-1.70296
0.101364,-0.206326,0.183061,0.218124,0.279877
-0.00642349,-2.24094,1.15634,-0.111438,-0.0471832
-2.27919,0.027575,-1.24612,0.890383,-1.73684
0.105196,-0.320679,0.2594,0.204276,0.294385
-0.00598506,-2.24094,1.15896,-0.110165,-0.0441546
-2.27889,0.00673425,-0.140271,0.58592,-1.67952
0.13197,-0.0692317,0.106374,0.387594,0.42241
-0.0126129,-2.23642,0.842197,-0.0333059,-0.0895922
-2.27603,0.0153456,-0.594607,0.715255,-1.69345
0.151202,-0.172799,0.188921,0.371097,0.493223
-0.0108385,-2.23594,0.856199,-0.0325018,-0.0803839
-2.27883,0.0266643,-1.198,0.877437,-1.73352
0.161011,-0.309569,0.285422,0.351139,0.530306
-0.00886227,-2.2357,0.863743,-0.0327057,-0.0709164
-2.31439,-0.00377927,0.393635,0.325096,-1.77454
0.102817,0.0575934,0.0197268,0.690048,0.417925
0.038224,-2.22626,-0.221128,0.0649046,0.0449164
-2.30422,-0.00887217,0.789236,0.313862,-1.71607
0.157198,0.13608,-0.0289343,0.739944,0.620025
0.0305586,-2.22553,-0.185578,0.0895355,0.0139287
-2.29309,-0.0167543,1.33526,0.242457,-1.64347
0.21604,0.24935,-0.114802,0.786245,0.839992
0.0227756,-2.22524,-0.169519,0.101631,-0.0160219
-2.2876,-0.0266566,2.02237,0.126658,-1.58386
0.196381,0.391694,-0.236122,0.557123,0.701811
0.0159317,-2.23413,0.480995,-0.00628052,-0.00626099
-2.27585,0.0174893,-0.701881,0.745556,-1.69664
-0.126452,-0.197947,0.051356,-0.354368,-0.668503
0.00150287,-2.26244,2.32153,-0.412729,0.0414491
-2.27188,0.00250966,0.10203,0.535242,-1.63994
-0.125393,-0.0181944,-0.0403541,-0.342544,-0.658776
0.000395539,-2.26191,2.32651,-0.404297,0.0410351
-2.2705,-0.0097924,0.836688,0.364911,-1.59215
-0.12323,0.143195,-0.116867,-0.331776,-0.64678
-0.000976276,-2.26147,2.33274,-0.393121,0.0391594
-2.27085,-0.0224985,1.63352,0.198819,-1.54235
-0.120309,0.316531,-0.202056,-0.318699,-0.634275
-0.00217315,-2.2614,2.33555,-0.386799,0.037047
-2.27062,-0.0108378,0.90413,0.351874,-1.58869
-0.17664,0.15766,-0.134748,-0.4803,-0.872835
-0.000580082,-2.26668,2.63987,-0.459745,0.0589538
-2.27074,-0.0227788,1.65067,0.19509,-1.54109
-0.174065,0.320162,-0.208408,-0.468448,-0.860908
-0.00189503,-2.26635,2.64067,-0.452162,0.0562601
-2.27393,0.0108191,-0.335103,0.653881,-1.66495
-0.349174,-0.11824,-0.105145,-0.946288,-1.64283
0.00972203,-2.2859,3.51094,-0.718882,0.138732
-2.27791,0.0234015,-0.995661,0.826556,-1.71428
-0.35134,-0.265296,-0.035154,-0.954303,-1.65733
0.009398,-2.28581,3.50976,-0.71829,0.136548
-2.28115,0.0343761,-1.57188,0.974953,-1.7573
-0.251991,-0.392624,0.0859203,-0.695486,-1.22106
0.00610178,-2.27573,2.98267,-0.582524,0.0947006
-2.39006,0.022209,-1.05245,0.531142,-2.1919
0.15862,-0.261271,0.253896,0.357534,0.52163
-0.0035705,-2.36657,0.945519,-0.0489835,-0.0531945
-2.37924,0.011014,-0.452631,0.366008,-2.12061
0.144802,-0.12745,0.158412,0.378835,0.470371
-0.000800264,-2.36657,0.9403,-0.050075,-0.0456359
-2.36525,0.00464461,-0.110352,0.265709,-2.05097
0.125541,-0.051168,0.098638,0.392353,0.400205
-0.000243993,-2.3668,0.930899,-0.0497788,-0.0463563
-2.32317,-0.0036607,0.358337,0.146364,-1.87412
0.09878,0.0528986,0.0182796,0.682785,0.403348
-0.0391683,-2.35696,-0.156846,0.018922,-0.242319
-2.33399,-0.00816373,0.700393,0.104763,-1.89593
0.147851,0.121006,-0.029038,0.723368,0.585852
-0.0322611,-2.35612,-0.10188,0.0441194,-0.220225
-2.34963,-0.017065,1.31007,-0.00803137,-1.919
0.21467,0.247481,-0.1166,0.782218,0.83507
-0.0236084,-2.35578,-0.0747715,0.0676261,-0.189672
-2.37893,-0.0143595,1.08468,0.0106158,-2.03049
-0.175657,0.200214,-0.154115,-0.479726,-0.868872
-0.00310646,-2.39726,2.70812,-0.467488,0.0474748
-2.38824,0.0162874,-0.721435,0.44138,-2.18283
-0.350224,-0.190903,-0.070897,-0.950503,-1.65071
0.00785475,-2.41629,3.57454,-0.725682,0.126418
-2.39423,0.0335612,-1.63491,0.678974,-2.25101
-0.20081,-0.392244,0.114796,-0.561576,-0.99666
0.00358081,-2.40113,2.78427,-0.52122,0.0703129
-2.39557,0.0331006,-1.6306,0.685182,-2.24087
0.0191854,-0.391459,0.248202,-0.0164081,-0.0641388
-0.000297064,-2.38005,1.67408,-0.238632,-0.00272409
-2.36369,-0.0271922,2.00606,-0.146934,-1.92906
0.168434,0.391455,-0.243428,0.462121,0.576911
-0.0172246,-2.3676,0.789873,-0.0672117,-0.117607
-2.37862,-0.027915,1.98142,-0.169997,-1.97407
-0.00284801,0.391151,-0.24603,-0.0103542,-0.148446
-0.00707829,-2.38248,1.79621,-0.264314,-0.0222045
-0.00262283,-0.00729299,0.00381596,0.0210833,0.0383935
-0.00240034,-0.0178166,0.0198971,0.00537892,0.0114691
-0.00118296,-0.0378918,0.0445821,-0.00118781,0.0113189
-0.00143509,-0.00672609,0.0075603,0.0102068,0.0207027
-0.000200281,-0.005661,0.0080196,-0.000336367,0.002226
-0.000153466,-0.0144179,0.0204034,-0.00228259,0.00340978
-0.00126363,-0.00459311,0.00636049,0.00803251,0.0162983
-1.66931e-05,-0.00170288,0.00326175,-0.000328025,0.000868216
-2.49797e-05,-0.00419178,0.00807397,-0.0013714,0.000849633
-2.08402,0.0333492,-1.40169,1.43837,-0.933452
-0.132815,-0.390893,0.159836,-0.344882,-0.667151
0.00128129,-2.04325,2.15687,-0.400781,0.0223419
-1.79203,0.0329568,-1.17912,1.96256,0.164777
-0.142176,-0.385802,0.172497,-0.274728,-0.620142
0.00064302,-1.74434,1.92196,-0.373691,0.00191476
-1.3518,0.0316554,-0.889586,2.32532,1.38537
-0.146905,-0.368748,0.201358,-0.127492,-0.441468
-0.00157292,-1.33645,1.56234,-0.322119,-0.0255984
-0.895139,0.0293206,-0.642822,2.15164,1.91958
-0.138391,-0.335794,0.220113,0.0332233,-0.177127
-0.0054114,-0.943404,1.17033,-0.247747,-0.0376958
-0.480892,0.0262133,-0.438514,1.50675,1.62774
-0.113416,-0.283401,0.212155,0.140763,0.0582069
-0.00950439,-0.593824,0.775944,-0.156109,-0.0234552
-0.165607,0.0208595,-0.246117,0.671508,0.810326
-0.070494,-0.209305,0.163194,0.142541,0.143344
-0.0127682,-0.309305,0.408766,-0.059175,0.0106657
0.00141951,0.00483453,-0.0146494,0.00756023,0.0125797
0.00552012,-0.0553358,0.0546481,-0.045341,-0.0659787
0.00350038,-0.0310282,0.0186283,-0.0177246,-0.0265127
-0.0244921,0.0236462,-0.0971307,0.153598,0.202922
0.0351489,-0.142407,0.160805,-0.180386,-0.230874
0.00847181,-0.129117,0.0843016,-0.0341106,-0.0345843
-0.214165,0.037201,-0.293739,0.824599,0.977614
0.0867253,-0.227661,0.234699,-0.315416,-0.362968
0.010283,-0.33807,0.203964,-0.0311629,-0.00749522
-0.559537,0.0377395,-0.483617,1.66706,1.74895
0.12019,-0.296881,0.27647,-0.302014,-0.275221
0.00619214,-0.64078,0.37927,-0.0182557,0.0336276
-0.994516,0.0368994,-0.69382,2.23679,1.87739
0.134933,-0.344995,0.301725,-0.178226,-0.0555298
0.00167754,-1.0072,0.583287,-0.0206241,0.0470485
-1.4603,0.0358756,-0.953522,2.28408,1.14573
0.133434,-0.374325,0.313245,-0.0097046,0.164399
-0.00236316,-1.41321,0.789617,-0.0388767,0.0298078
-1.82882,0.0348113,-1.20314,1.90857,0.0399294
0.122797,-0.386562,0.313089,0.113192,0.271699
-0.00513841,-1.75997,0.949319,-0.063653,-0.000809684
-2.06139,0.0341126,-1.38154,1.48615,-0.8417
0.113175,-0.390253,0.30867,0.169166,0.295058
-0.00662246,-1.99787,1.0534,-0.0843787,-0.0251078
-2.21669,0.0336343,-1.50658,1.13297,-1.48408
0.107877,-0.391185,0.303667,0.191712,0.298102
-0.00672926,-2.16773,1.12671,-0.101041,-0.0395428
-0.00078544,-0.00322586,0.00457619,0.00470411,0.00979641
-0.000385695,-0.00122743,0.00263574,0.00233098,0.00523157
-4.27319e-05,0.00145635,-0.000239147,0.000228358,0.000641425
0.00139887,-0.00480402,0.01653,0.0010654,0.0158166
0.00601362,0.0582067,-0.069342,-0.0270489,-0.0722219
-0.00366568,-0.0334848,0.0253602,0.0138783,0.0265604
-0.03325,-0.0254783,0.160369,0.126111,0.263806
0.0401349,0.149817,-0.220089,-0.126258,-0.260667
-0.00890548,-0.142617,0.100637,0.0142244,0.0319968
-0.252183,-0.036153,0.578832,0.71581,1.14947
0.0926707,0.237229,-0.329358,-0.220457,-0.377982
-0.0100363,-0.372696,0.227294,-0.0157105,-0.00746687
-0.631091,-0.0346839,1.04006,1.41019,1.92313
0.124281,0.305855,-0.361831,-0.174916,-0.253292
-0.00570941,-0.70028,0.407411,-0.0644276,-0.0540828
-1.09587,-0.0323599,1.44134,1.75645,1.92223
0.136378,0.352177,-0.348015,-0.0344855,-0.0103777
-0.00146244,-1.09247,0.616638,-0.102716,-0.0701937
-1.57851,-0.0302831,1.7319,1.52732,1.00134
0.131485,0.378474,-0.31041,0.133,0.207667
0.00210223,-1.51985,0.827654,-0.124708,-0.0584639
-1.90633,-0.0291378,1.86915,1.02158,-0.0565571
0.119446,0.387871,-0.273592,0.225376,0.283773
0.00400358,-1.83662,0.970464,-0.1307,-0.0396861
-2.122,-0.0284173,1.93727,0.53543,-0.895096
0.109004,0.390726,-0.252025,0.264267,0.294672
0.00459255,-2.06539,1.06408,-0.130469,-0.0258406
-0.175159,-0.0202238,0.445435,0.527934,0.884924
-0.0722226,0.212573,-0.11324,0.177968,0.146846
0.0122469,-0.318502,0.416184,-0.0888206,0.0125678
-0.509795,-0.0240691,0.903608,1.22945,1.75632
-0.115539,0.288198,-0.157523,0.181095,0.0475999
0.00834462,-0.617768,0.808224,-0.13127,0.066635
-0.946011,-0.0257166,1.32526,1.70458,2.02308
-0.139776,0.340451,-0.192605,0.0676827,-0.201136
0.00353903,-0.985297,1.22493,-0.183816,0.0959252
-1.42146,-0.0269096,1.65151,1.66872,1.39138
-0.14638,0.37207,-0.218562,-0.100739,-0.466013
-0.000809905,-1.3971,1.6318,-0.248084,0.0915376
-1.80934,-0.0275339,1.83588,1.20057,0.286011
-0.140914,0.385809,-0.230104,-0.230163,-0.611408
-0.00295224,-1.75972,1.94825,-0.308394,0.0699682
-2.05206,-0.0278365,1.91964,0.705476,-0.612783
-0.131597,0.389973,-0.236392,-0.288544,-0.644629
-0.00317049,-2.00911,2.14687,-0.348083,0.0535822
-2.2091,-0.0279174,1.96311,0.302571,-1.25727
-0.12268,0.391041,-0.241438,-0.308812,-0.636208
-0.00296101,-2.1861,2.28159,-0.374867,0.0409942
-0.00126037,0.00457966,-0.00371621,0.00963875,0.0160675
-3.3751e-06,0.00169989,-0.00316228,0.000908533,0.000510415
1.03141e-06,-0.00415536,0.00796339,-0.00179012,-4.6869e-05
-0.00146003,0.00677858,-0.0043257,0.0119506,0.0208051
-0.000179647,0.00557696,-0.0075727,0.00242704,0.00163613
0.000120095,-0.0143596,0.0199369,-0.00497675,-0.00203135
-0.00255392,0.00738903,0.00229437,0.0195545,0.0386535
-0.00252431,0.0183233,-0.0179229,0.0119495,0.0115758
0.00128253,-0.03794,0.0427045,-0.0139105,-0.0102871
-0.000789903,0.00316076,-0.00289368,0.00598991,0.00969027
-0.000375659,0.00110007,-0.00169728,0.00314275,0.004954
3.79341e-05,0.00139065,-0.000263052,-0.000395456,-0.000514281
-0.0160268,-7.61382e-05,0.0122784,0.0792053,0.131759
-0.0102952,7.69999e-05,0.00319963,0.0199972,0.00870363
-4.12473e-05,-0.0916451,0.100874,-0.0163864,0.00189682
-0.00123588,2.02053e-05,0.00124869,0.00854355,0.0156043
-0.000383141,2.48974e-05,0.000389256,0.00281228,0.00523313
-5.49194e-06,0.0010316,0.00162759,-0.000521515,0.000179781
-2.30792,-0.00302681,0.368128,0.38792,-1.7533
0.0964692,0.0481546,0.00356662,0.411771,0.30283
0.0100921,-2.23632,0.730377,-0.0331962,-0.0144757
-2.31501,-0.00262862,0.307772,0.341223,-1.78137
0.0935745,0.0403832,0.0168921,0.546189,0.333721
0.02709,-2.23165,0.308485,0.0237365,0.0264184
-2.29071,-0.013256,1.0864,0.290226,-1.64964
0.127781,0.196878,-0.101185,0.424577,0.420948
0.0109655,-2.23708,0.73097,-0.0458609,-0.0111289
-2.30972,-0.00631919,0.608435,0.329607,-1.74659
0.123294,0.0987728,-0.0156274,0.600612,0.456754
0.0288544,-2.23029,0.184845,0.0459887,0.027131
-2.29965,-0.0118635,1.00354,0.293238,-1.68718
0.156244,0.17952,-0.0742071,0.603983,0.574114
0.022797,-2.23099,0.247522,0.0353657,0.0074694
-2.29078,-0.0190747,1.49128,0.218197,-1.62584
0.17863,0.281563,-0.153313,0.578321,0.645798
0.0166843,-2.23267,0.376738,0.0120693,-0.00883253
-2.31776,-0.00262728,0.302512,0.31625,-1.79167
0.0912512,0.0399411,0.0221555,0.603779,0.346535
0.0339288,-2.22936,0.0905385,0.062414,0.0418554
-2.31214,-0.00197051,0.270897,0.364094,-1.77333
0.0903427,0.0323519,0.0182769,0.483423,0.301611
0.023694,-2.23355,0.495544,-0.0150538,0.0225282
-2.29983,-0.00789041,0.719821,0.3425,-1.70427
0.115388,0.120453,-0.0446636,0.436968,0.379307
0.0129831,-2.23614,0.67657,-0.0307199,-0.00640122
-2.30966,-0.00461821,0.481209,0.3552,-1.75321
0.106882,0.0728717,-0.00760804,0.496882,0.365433
0.0204799,-2.2337,0.488984,-0.000105385,0.0111325
-2.32524,0.00641661,-0.165141,0.432089,-1.88005
0.13139,-0.068865,0.109613,0.388317,0.4208
-0.00643469,-2.30344,0.890298,-0.0410503,-0.0676162
-2.31861,-0.00301377,0.309637,0.248958,-1.823
0.0902332,0.0426045,0.0232244,0.669046,0.37161
0.0031981,-2.28392,-0.171755,0.0460443,-0.0865667
-2.32147,-0.00262038,0.268395,0.188931,-1.85593
0.0833092,0.0358774,0.0371053,0.674888,0.345665
-0.0165099,-2.32508,-0.169779,0.0339023,-0.15874
-2.31558,-0.00626841,0.579746,0.262158,-1.78938
0.130893,0.0950278,-0.00515402,0.71298,0.522335
0.0110109,-2.26611,-0.170392,0.0629088,-0.0581979
-2.32062,-0.0106207,0.88966,0.185972,-1.80333
0.171243,0.158581,-0.0496151,0.747486,0.672664
-0.000369713,-2.29067,-0.134545,0.0733857,-0.101949
-2.32289,-0.00552556,0.510742,0.192193,-1.84452
0.121755,0.0822424,0.00258092,0.702604,0.488408
-0.0116417,-2.31523,-0.144041,0.0491237,-0.142453
-2.32064,-0.00291776,0.312016,0.150956,-1.86765
0.093098,0.0429348,0.0219593,0.607648,0.352848
-0.0361053,-2.35994,0.178552,0.0154953,-0.218837
-2.32587,-0.00266717,0.297307,0.154234,-1.88641
0.0930742,0.0396813,0.022759,0.507903,0.312741
-0.0283399,-2.36393,0.575409,-0.00918491,-0.172098
-2.38853,0.0172358,-0.780409,0.45693,-2.17946
-0.126283,-0.202007,0.0538772,-0.357826,-0.671606
0.00164801,-2.3933,2.40053,-0.422741,0.040901
-2.37818,-0.00638708,0.561195,0.11818,-2.06069
-0.0887378,0.090059,-0.0835983,-0.244946,-0.506211
-0.00235105,-2.3892,2.21972,-0.364808,0.0182386
-2.37001,-0.0201331,1.49145,-0.0637085,-1.9767
0.0802327,0.285505,-0.178022,0.224445,0.20103
-0.00989063,-2.3745,1.29772,-0.155649,-0.0631179
-2.32837,-0.00607278,0.558608,0.128135,-1.8834
0.122269,0.0913078,-0.011061,0.639732,0.467301
-0.0350755,-2.35918,0.124756,0.0176678,-0.218102
-2.3744,0.00772413,-0.279638,0.315493,-2.09363
0.0873524,-0.0888649,0.101211,0.23245,0.229185
0.00265272,-2.37212,1.24191,-0.134567,-0.0175583
-2.36267,0.00282736,-0.0153471,0.236849,-2.03644
0.0864562,-0.0299799,0.0631967,0.267376,0.231129
0.00287,-2.37142,1.18834,-0.123362,-0.0209978
-2.32263,-0.00241532,0.263562,0.157333,-1.87652
0.0905032,0.0341272,0.0272421,0.558042,0.3222
-0.0311283,-2.36206,0.393196,0.00211727,-0.19126
-2.32973,-0.00288078,0.324484,0.14745,-1.89836
0.0961446,0.0421486,0.0216248,0.430038,0.303024
-0.0193833,-2.36637,0.804157,-0.0316508,-0.126706
-2.38551,0.0151303,-0.675969,0.428057,-2.15534
0.0386333,-0.177405,0.130623,0.0659651,0.0200426
0.000652477,-2.37753,1.5523,-0.210569,-0.00703157
-2.37711,-0.0156133,1.17075,-0.00792107,-2.01808
-0.0289268,0.218807,-0.144045,-0.0778966,-0.25609
-0.0048439,-2.384,1.91087,-0.288077,-0.00807852
-2.35261,-0.017735,1.35094,-0.0191945,-1.92657
0.160953,0.255416,-0.13951,0.527031,0.568572
-0.0188494,-2.36471,0.588912,-0.0307755,-0.13574
-2.38123,0.00537771,-0.14118,0.285851,-2.11337
-0.0582946,-0.0604949,0.0104878,-0.171376,-0.381557
-6.34723e-05,-2.3863,2.05098,-0.331892,0.0162698
-2.35197,-0.000961464,0.202513,0.176503,-1.98544
0.0830701,0.0172674,0.0289834,0.284812,0.221515
-0.000950963,-2.37117,1.16359,-0.11498,-0.037374
-2.34088,-0.0031495,0.343363,0.144124,-1.93755
0.0911032,0.0463055,0.0120129,0.347523,0.264407
-0.00831331,-2.36926,1.02656,-0.0794037,-0.0729239
-2.33255,-0.00567569,0.526378,0.123997,-1.89873
0.10821,0.0843483,-0.0118608,0.4714,0.359946
-0.0221962,-2.36535,0.689883,-0.0277765,-0.143094
-2.32884,-0.00571847,0.531277,0.128863,-1.88594
0.114472,0.0859241,-0.00994524,0.556808,0.409599
-0.0292216,-2.36238,0.421544,-0.00222997,-0.182669
-2.33943,-0.0111701,0.915402,0.0688718,-1.90403
0.153764,0.164465,-0.0654107,0.622176,0.571393
-0.0276113,-2.36069,0.276553,0.00937693,-0.184354
-2.36029,-0.0115279,0.909595,0.0449787,-1.9757
0.0788618,0.163855,-0.0891723,0.244963,0.199286
-0.00894148,-2.37321,1.24813,-0.137302,-0.063006
-2.37201,-0.0050795,0.477782,0.129978,-2.04141
0.00709692,0.0733998,-0.0450676,0.0200298,-0.106954
-0.00301446,-2.38006,1.69939,-0.241234,-0.0144477
-2.36425,-0.000602902,0.190876,0.187376,-2.03016
0.0560156,0.0137737,0.0157021,0.168787,0.0997086
-0.000917697,-2.3749,1.39647,-0.171747,-0.0237539
-2.37555,0.00486055,-0.118581,0.273417,-2.08866
0.0293859,-0.0540748,0.0479472,0.0689562,-0.0154559
0.000881417,-2.37791,1.57696,-0.218164,-0.00617101
-2.35557,-0.00492397,0.46375,0.126759,-1.98365
0.0718024,0.0712939,-0.0195098,0.234463,0.170047
-0.00569496,-2.37308,1.27153,-0.138969,-0.0492347
-2.34205,-0.0102844,0.845043,0.0721723,-1.91612
0.126189,0.149942,-0.0629364,0.471005,0.426707
-0.0198253,-2.36579,0.702955,-0.0396129,-0.133473
-2.3433,-0.00662361,0.5843,0.106907,-1.93365
0.098722,0.0960905,-0.0272324,0.363351,0.297527
-0.0130709,-2.36901,0.979443,-0.0761886,-0.0934229
-0.00160701,-0.0110624,0.00594847,0.0105853,0.0179135
-0.00250248,-0.0237346,0.0234219,0.00453817,0.00933412
-0.000880784,-0.021111,0.0231154,-0.000579951,0.00412434
-0.00175473,-0.00814916,0.00796313,0.00957857,0.0178569
-0.000807983,-0.0082808,0.0102132,0.00205545,0.00604793
-0.000373037,-0.0100314,0.0135606,-0.000464291,0.00343546
-0.00110022,-0.00476996,0.00595598,0.00636239,0.0127936
-0.000123403,-0.00312916,0.00472912,2.18643e-05,0.00181266
-0.000153766,-0.00395159,0.00657036,-0.000323898,0.00182583
-0.000837342,-0.00333446,0.00464065,0.00500586,0.0102902
-0.000100936,-0.001148,0.00243334,0.000345957,0.00168262
-6.67859e-05,-0.000793934,0.00254595,-0.000111265,0.000936758
-2.25335,0.0334849,-1.53563,1.04387,-1.63885
0.0519522,-0.391436,0.266411,0.0608761,0.0684651
-0.00425663,-2.21404,1.4176,-0.179023,-0.0223624
-2.33841,0.0331515,-1.59521,0.828282,-2.00157
0.10909,-0.39121,0.302941,0.202614,0.309654
-0.00431793,-2.30645,1.1852,-0.114596,-0.040356
-2.314,0.0332781,-1.57906,0.889931,-1.89757
0.0537804,-0.391413,0.268437,0.0664029,0.0782768
-0.00310956,-2.28356,1.44707,-0.184269,-0.0209586
-2.28631,0.0334855,-1.56033,0.959878,-1.77923
-0.00807882,-0.391613,0.232582,-0.0809838,-0.176351
-0.00159249,-2.25755,1.73409,-0.26141,-0.000568977
-2.18646,0.0336142,-1.48317,1.20835,-1.35453
-0.000631598,-0.39144,0.237716,-0.0633913,-0.146879
-0.00282731,-2.14328,1.63016,-0.240927,-0.00552618
-2.18438,-0.017426,1.31767,0.498594,-1.20263
0.103561,0.247644,-0.159969,0.262365,0.283915
0.0021071,-2.13836,1.09506,-0.127494,-0.026806
-2.20619,-0.00770124,0.736537,0.565507,-1.33104
0.0989715,0.119018,-0.0608615,0.253184,0.266482
-0.000214183,-2.16245,1.10897,-0.12257,-0.0308836
-2.20464,-0.000477063,0.318979,0.665602,-1.35032
0.0986827,0.0259802,0.0112745,0.24371,0.263716
-0.00211677,-2.16036,1.11329,-0.116153,-0.0346878
-2.19458,0.00667281,-0.0690723,0.789447,-1.33114
0.101399,-0.0626014,0.0782861,0.230357,0.272381
-0.00384909,-2.14896,1.1133,-0.110382,-0.0377336
-2.19072,0.0149057,-0.503407,0.915511,-1.33712
0.104388,-0.162624,0.152852,0.215638,0.283379
-0.00493142,-2.14403,1.11524,-0.105707,-0.0380942
-2.18903,0.0249862,-1.02868,1.06681,-1.35218
0.107294,-0.284577,0.240901,0.200493,0.295537
-0.00595976,-2.13994,1.11534,-0.101353,-0.0376225
-0.00508165,1.61795e-05,0.00554371,0.0364659,0.0677674
0.013248,9.92726e-06,-0.0106304,-0.0690827,-0.122112
-7.83171e-06,-0.0524151,0.0308091,-0.002233,-0.000643498
-0.118181,0.00029033,0.0667204,0.423017,0.606984
0.0655893,0.00020943,-0.0361622,-0.224313,-0.329405
-6.41772e-05,-0.214756,0.130296,-0.011997,-0.00223168
-0.410517,0.000972847,0.186894,1.16192,1.46308
0.107513,-1.80355e-05,-0.0442499,-0.264145,-0.333623
-7.76775e-05,-0.492213,0.292623,-0.0288448,-0.00591216
-0.820712,0.00217699,0.286962,1.79488,1.89802
0.130325,-0.00456248,-0.0285903,-0.178187,-0.152057
-0.000214047,-0.847495,0.493877,-0.0492673,-0.00859963
-1.26983,0.00453828,0.270295,1.99983,1.52938
0.135537,-0.0243196,0.0107671,-0.0305323,0.0779683
-0.000464371,-1.2385,0.700635,-0.0689984,-0.0109039
-1.63935,0.0100337,0.00815778,1.82564,0.660534
0.129078,-0.0873587,0.0841571,0.0896548,0.224697
-0.00136675,-1.57763,0.865095,-0.0804724,-0.0121792
-2.03414,-0.0174215,1.29979,0.862869,-0.60216
0.112575,0.244721,-0.169463,0.240594,0.290894
0.00240056,-1.97244,1.03032,-0.123076,-0.0293708
-2.09067,0.0206307,-0.724282,1.22416,-0.942668
0.110829,-0.227182,0.201809,0.191733,0.292767
-0.00487246,-2.03274,1.06813,-0.0956067,-0.0297861
-1.92943,0.0164868,-0.409421,1.48592,-0.314358
0.118178,-0.170543,0.159096,0.164569,0.284341
-0.00319397,-1.86337,0.993652,-0.0889215,-0.0196528
-2.13858,-0.00392662,0.54552,0.781585,-1.06948
0.10452,0.0726269,-0.0284324,0.239016,0.277178
-0.000739225,-2.08701,1.08152,-0.116354,-0.0306367
-2.11484,0.00272365,0.19321,0.924152,-0.995903
0.106623,-0.00970354,0.0351505,0.224975,0.28063
-0.00207103,-2.06066,1.07409,-0.109614,-0.0313033
-2.09534,0.0109854,-0.230821,1.07912,-0.94045
0.10889,-0.110148,0.113157,0.207969,0.28576
-0.00346646,-2.03901,1.06863,-0.102445,-0.0309537
-1.86129,-0.00535254,0.676271,1.33899,-0.0149479
0.120986,0.0929793,-0.059889,0.182256,0.274735
0.000237087,-1.79404,0.958335,-0.106442,-0.0276971
-2.03908,-0.00470739,0.618285,0.999317,-0.672844
0.111425,0.0846277,-0.0433455,0.222378,0.284872
-0.000118836,-1.9787,1.03728,-0.112643,-0.0283542
-2.12217,-0.0107235,0.930653,0.735771,-0.978028
0.106352,0.159689,-0.0975388,0.246148,0.283184
0.00087614,-2.06882,1.07118,-0.121119,-0.0287206
-2.00195,0.00420406,0.167928,1.18758,-0.558548
0.113718,-0.0240277,0.0427232,0.200571,0.284575
-0.00167653,-1.93932,1.02338,-0.103654,-0.026958
-0.00103376,0.00439214,-0.00360036,0.00747513,0.0120177
-9.09424e-05,0.00269197,-0.00399934,0.00149966,0.00126751
0.000122727,-0.00333041,0.00554037,-0.00188431,-0.00116224
-0.00174541,0.00798804,-0.00473911,0.0111357,0.0178412
-0.000722918,0.00821729,-0.0089664,0.00503548,0.0053662
0.000376643,-0.00984644,0.0128806,-0.00428461,-0.0027656
-0.00167994,0.0114925,-0.00337073,0.0108944,0.0188174
-0.0025644,0.0231204,-0.0203682,0.0115559,0.0097724
0.000888614,-0.0207974,0.0221161,-0.00668086,-0.00341294
-2.32228,-0.0280892,1.97619,-0.0175642,-1.7375
-0.109803,0.391094,-0.244774,-0.288622,-0.590155
-0.00327653,-2.32329,2.32483,-0.382765,0.0280577
-2.27263,-0.0279583,1.97489,0.126092,-1.52563
-0.0513357,0.391215,-0.244595,-0.129901,-0.345955
-0.00222018,-2.25621,1.96778,-0.307453,0.0136572
-2.18434,-0.0280093,1.95752,0.37507,-1.15087
-0.0174186,0.391125,-0.243911,-0.0381782,-0.206282
0.00010718,-2.14627,1.71674,-0.258835,0.0111433
-0.00126312,-7.09296e-07,0.00136977,0.00922365,0.0170602
-7.27788e-05,1.90592e-05,4.55323e-05,0.000432036,0.000814123
-1.08999e-05,-0.00854549,0.0136146,-0.00257837,0.000519606
-0.00122523,7.79121e-06,0.00125948,0.00850234,0.0155408
-0.000120428,-2.91464e-06,0.000152436,0.000964532,0.00186753
-1.01782e-05,-0.0022303,0.00560909,-0.0011748,0.000324137
-0.00159992,6.38428e-05,0.00199312,0.013859,0.0267701
-0.000918604,5.84262e-05,0.000411904,0.00287005,0.00346358
5.8408e-06,-0.0251325,0.0322402,-0.00572452,0.000776403
-2.12985,0.0103229,-0.226836,0.99603,-1.07816
-0.131495,-0.106168,0.00544942,-0.332031,-0.664805
-0.000583467,-2.09707,2.20217,-0.391242,0.0330842
-2.11987,-0.00599285,0.676508,0.799483,-0.985936
-0.130884,0.101004,-0.0916963,-0.318753,-0.656581
-0.000846491,-2.0861,2.20163,-0.37561,0.0424776
-2.18017,-0.0187008,1.40594,0.490087,-1.1794
-0.125737,0.267231,-0.170821,-0.317526,-0.646861
-0.00146187,-2.15386,2.25652,-0.373693,0.0448824
-1.57955,0.00278097,0.328967,1.80837,0.84268
-0.14515,-0.00368533,-0.0175642,-0.181814,-0.539105
-0.00103851,-1.54125,1.75802,-0.312034,0.0357467
-0.697942,0.00151929,0.271659,1.64898,1.84776
-0.127427,9.51255e-05,0.0227086,0.114322,-0.0558305
-0.000574345,-0.762393,0.980815,-0.17835,0.0250976
-0.304076,0.000755936,0.147344,0.922539,1.20791
-0.0914584,0.000330141,0.0290227,0.174465,0.128573
-0.00030301,-0.415195,0.559029,-0.102217,0.0151594
-1.14586,0.00262887,0.324755,1.98446,1.71081
-0.143745,-0.00588277,0.00585744,-0.0281893,-0.321042
-0.000851383,-1.14928,1.39143,-0.25072,0.0311218
-1.90233,0.00260657,0.281277,1.35923,-0.185664
-0.138924,-0.00306983,-0.0341603,-0.279019,-0.636553
-0.0011133,-1.85603,2.02102,-0.354895,0.0367675
-2.32208,-0.00492433,0.475391,0.20089,-1.84271
0.112284,0.0742755,0.0027709,0.621635,0.425446
-0.0119689,-2.31648,0.141463,0.0282743,-0.129869
-2.32075,-0.00612196,0.571599,0.221134,-1.82438
0.116622,0.0927697,-0.0163648,0.524435,0.407106
-0.00457367,-2.30454,0.485831,-0.00452665,-0.0851185
-2.22288,-0.00301078,0.452311,0.588703,-1.4153
0.0323544,0.0568283,-0.0318156,0.0762911,-0.00574629
-0.00161426,-2.18586,1.45729,-0.198201,-0.0138768
-2.22377,-0.00265078,0.431935,0.589997,-1.42065
-0.050261,0.0519274,-0.051307,-0.137495,-0.342789
-0.00110807,-2.19622,1.89096,-0.299712,0.0139677
-2.2207,0.00834244,-0.180688,0.753755,-1.44199
0.00220052,-0.0856423,0.0507076,-0.0184422,-0.131115
-0.00266371,-2.18642,1.62153,-0.237419,-0.00736325
-2.30835,0.000492939,0.182845,0.399354,-1.78836
0.0246739,0.00517846,0.00319623,0.0573833,-0.0357737
-0.00225237,-2.29197,1.55377,-0.215611,-0.0150844
-2.32,-0.00444636,0.455943,0.255123,-1.82587
0.100448,0.0676853,-0.00569128,0.383996,0.307968
-0.00407838,-2.30568,0.882251,-0.0604897,-0.0617951
-2.31693,-0.00258136,0.291866,0.282562,-1.81193
0.0930424,0.0374912,0.0200117,0.536762,0.326004
0.00535615,-2.27804,0.397078,0.00591769,-0.051606
-2.31887,-0.00227229,0.242074,0.243179,-1.83095
0.0817004,0.0298558,0.0309678,0.625328,0.321919
-0.00105219,-2.29374,0.0221865,0.040718,-0.0939545
-2.3207,-0.00211046,0.225137,0.183878,-1.85829
0.0793332,0.0275541,0.030963,0.627873,0.315763
-0.0224193,-2.33293,0.00824964,0.0301803,-0.173816
-2.32082,-0.00225826,0.239629,0.208515,-1.8508
0.086079,0.02963,0.02926,0.594591,0.323136
-0.0135407,-2.3205,0.192716,0.0232515,-0.13349
-2.32292,-0.00236387,0.287283,0.237305,-1.85373
0.0938754,0.0352708,0.0220831,0.471323,0.30523
-0.00829454,-2.31993,0.664257,-0.0266242,-0.0903481
-2.32184,-0.00257928,0.281344,0.206096,-1.85506
0.0923742,0.0365372,0.0243893,0.545669,0.324612
-0.0142997,-2.32749,0.417103,0.000443442,-0.12591
-2.33084,0.00414225,-0.0552405,0.374261,-1.89898
0.0911895,-0.0429943,0.0705905,0.268545,0.248568
-0.00271744,-2.31798,1.14153,-0.114796,-0.0410113
-2.32595,-0.000850372,0.223608,0.294951,-1.86469
0.0851759,0.0187501,0.0237865,0.280142,0.227903
-0.00349315,-2.31699,1.12937,-0.112506,-0.0454401
-0.00283669,-0.000310018,0.00232008,0.017991,0.0312607
-0.00316647,-0.00169731,0.00269141,0.00882196,0.00934822
-0.00014558,-0.0259688,0.0300097,-0.00448566,0.00120086
-2.21056,0.0231198,-0.954188,0.992223,-1.43643
0.00198476,-0.264194,0.162428,-0.0427638,-0.134592
-0.00279213,-2.17347,1.63012,-0.239245,-0.00660357
-2.31217,0.0180112,-0.765955,0.662876,-1.85273
-0.00319505,-0.207306,0.124732,-0.0469836,-0.154374
-0.00129648,-2.29264,1.71949,-0.25625,-0.0016811
-2.28205,-0.0102321,0.859979,0.328171,-1.63734
0.0123883,0.149295,-0.0957098,0.0308299,-0.0857894
-0.00147292,-2.26057,1.60911,-0.227822,-0.0081942
-2.13056,0.00111522,0.271663,0.871876,-1.05126
0.0139259,0.00923415,-0.00694868,0.0141688,-0.0851199
-0.0014827,-2.08443,1.51423,-0.216606,-0.00490086
-2.16805,-0.0116927,0.984533,0.614576,-1.15695
0.00190919,0.172683,-0.113729,0.000662933,-0.129946
0.000128637,-2.12722,1.59439,-0.233739,0.00310293
-0.0013008,0.000591894,0.000860941,0.00824244,0.0144285
-0.000548129,0.000543431,-0.00017206,0.00260059,0.0039774
-4.10404e-07,-0.00652498,0.00994788,-0.00191108,0.000242727
-2.32332,-0.0219516,1.66925,0.0538569,-1.76889
0.206715,0.320132,-0.178628,0.654769,0.76785
-0.0014278,-2.29647,0.255347,0.0255589,-0.0859126
-2.34212,0.00112357,0.0847274,0.258348,-1.94541
0.0965356,-0.0086076,0.0536405,0.333785,0.280914
-0.00181375,-2.34559,1.0369,-0.0871186,-0.0459503
-0.0722151,0.0130453,-0.0554471,0.309083,0.421241
0.00777645,-0.0821216,0.0770696,-0.06724,-0.10561
-0.000563661,-0.181699,0.172685,-0.0246652,0.00196761
-2.32681,-0.023209,1.67062,0.0352202,-1.77558
-0.111285,0.324886,-0.208257,-0.296063,-0.59753
-0.00316572,-2.32858,2.32997,-0.384051,0.0282693
-0.574005,0.0130014,-0.0300723,1.54489,1.73529
0.00199694,-0.108376,0.0845662,-0.0659682,-0.131931
-0.000584266,-0.649714,0.615404,-0.0964854,0.00557303
-0.924386,0.0142964,-0.0668269,1.99188,1.88612
-0.00541386,-0.131209,0.09508,-0.0623035,-0.145061
-0.000842923,-0.950105,0.876616,-0.137729,0.00741786
0.000265458,-0.00236891,0.00109001,0.00204307,0.00484265
-0.000308181,-0.0088574,0.00785794,-0.00357998,-0.00755193
-0.000145954,-0.00900633,0.00801674,-0.00116139,-0.000928178
-2.33786,0.0269353,-1.26033,0.734644,-1.9834
0.100831,-0.315569,0.252657,0.196193,0.277056
-0.0039671,-2.30921,1.21737,-0.12331,-0.0377222
-2.3237,-0.0207349,1.56371,0.0664249,-1.77535
0.139689,0.299002,-0.178583,0.409977,0.459727
-0.00283786,-2.30537,0.843637,-0.0719865,-0.0595488
-2.33372,0.0100919,-0.347833,0.489651,-1.92599
-0.254254,-0.113432,-0.0579083,-0.69341,-1.22547
0.00532064,-2.3458,3.04677,-0.591457,0.0928367
-0.000773951,-0.00106484,0.00196576,0.00502775,0.00949802
-0.000127955,-0.000325105,0.000748398,0.000869988,0.00190755
-2.5823e-05,-0.000202741,0.00169757,-0.000249658,0.000394194
-1.83046,-0.0158247,1.2088,1.28668,0.146564
-0.00901036,0.225611,-0.154529,-0.029018,-0.173762
