xp = [0, 0, 7.5]';
gxp = [0, 0, 300]';
